#
# In-degree Distribution of Largest SCC of the Wikipedia Network. G(1028864, 35699906). 110509 (0.1074) nodes with in-deg > avg deg (69.4), 45061 (0.0438) with >2*avg.deg (Sun Dec  7 23:24:46 2014)
#
# In-degree	Count
1	174961
2	116085
3	78970
4	54151
5	39633
6	30774
7	25868
8	21387
9	19109
10	17341
11	15754
12	15240
13	13781
14	12808
15	11703
16	10971
17	11019
18	10356
19	10335
20	10208
21	9279
22	9110
23	8670
24	8390
25	8123
26	7831
27	7339
28	6914
29	6626
30	6611
31	6542
32	5838
33	5606
34	6304
35	5899
36	5103
37	4881
38	4549
39	4654
40	4427
41	4313
42	4376
43	4634
44	4044
45	3841
46	3872
47	3641
48	3930
49	3166
50	3199
51	2955
52	2854
53	2928
54	2738
55	2637
56	2758
57	2459
58	2466
59	2462
60	2372
61	2436
62	2239
63	2084
64	2324
65	2592
66	2253
67	2104
68	1712
69	1816
70	1836
71	1862
72	1553
73	1715
74	1561
75	1612
76	1501
77	1529
78	1611
79	1831
80	1533
81	1408
82	1390
83	1362
84	1270
85	1183
86	1188
87	1283
88	1276
89	1133
90	1155
91	1161
92	1274
93	1009
94	1501
95	942
96	1129
97	921
98	1083
99	900
100	820
101	881
102	1057
103	908
104	696
105	706
106	741
107	680
108	873
109	953
110	835
111	798
112	632
113	790
114	584
115	1097
116	975
117	579
118	693
119	494
120	414
121	394
122	473
123	583
124	767
125	578
126	492
127	540
128	527
129	509
130	372
131	395
132	381
133	400
134	384
135	593
136	378
137	342
138	422
139	684
140	516
141	282
142	222
143	243
144	253
145	471
146	323
147	336
148	365
149	489
150	355
151	265
152	369
153	229
154	496
155	246
156	270
157	238
158	449
159	240
160	287
161	245
162	212
163	162
164	196
165	381
166	314
167	376
168	326
169	411
170	224
171	325
172	205
173	242
174	257
175	377
176	360
177	236
178	263
179	557
180	227
181	209
182	378
183	168
184	246
185	165
186	160
187	172
188	185
189	295
190	192
191	154
192	116
193	127
194	124
195	145
196	468
197	152
198	130
199	216
200	351
201	340
202	152
203	292
204	276
205	111
206	237
207	106
208	321
209	119
210	303
211	531
212	151
213	102
214	223
215	128
216	129
217	124
218	102
219	190
220	168
221	329
222	104
223	75
224	97
225	87
226	117
227	213
228	121
229	90
230	106
231	78
232	84
233	90
234	484
235	139
236	300
237	95
238	85
239	78
240	75
241	299
242	93
243	56
244	172
245	102
246	69
247	78
248	62
249	75
250	83
251	71
252	286
253	71
254	73
255	60
256	64
257	66
258	76
259	303
260	280
261	87
262	69
263	56
264	73
265	83
266	61
267	315
268	78
269	55
270	57
271	73
272	61
273	56
274	43
275	52
276	56
277	46
278	49
279	52
280	63
281	50
282	52
283	141
284	136
285	91
286	69
287	72
288	42
289	71
290	43
291	53
292	58
293	316
294	58
295	50
296	40
297	35
298	46
299	44
300	42
301	37
302	37
303	44
304	45
305	313
306	55
307	42
308	34
309	32
310	35
311	45
312	41
313	18
314	26
315	33
316	30
317	153
318	53
319	44
320	45
321	30
322	31
323	26
324	322
325	46
326	55
327	336
328	50
329	36
330	225
331	142
332	29
333	27
334	25
335	24
336	24
337	30
338	35
339	23
340	29
341	39
342	27
343	29
344	19
345	55
346	35
347	361
348	67
349	369
350	73
351	38
352	32
353	26
354	32
355	37
356	37
357	32
358	359
359	60
360	33
361	38
362	25
363	33
364	21
365	16
366	21
367	32
368	34
369	24
370	28
371	30
372	22
373	263
374	51
375	31
376	359
377	58
378	26
379	26
380	18
381	17
382	393
383	19
384	16
385	15
386	16
387	22
388	19
389	20
390	18
391	19
392	24
393	15
394	15
395	25
396	22
397	25
398	21
399	25
400	15
401	18
402	12
403	16
404	21
405	11
406	15
407	14
408	17
409	13
410	13
411	14
412	6
413	8
414	5
415	17
416	2
417	14
418	9
419	7
420	16
421	13
422	15
423	7
424	8
425	23
426	18
427	18
428	15
429	9
430	11
431	17
432	6
433	11
434	14
435	22
436	13
437	9
438	11
439	5
440	11
441	403
442	34
443	432
444	439
445	47
446	18
447	13
448	16
449	10
450	14
451	9
452	5
453	14
454	7
455	8
456	417
457	43
458	24
459	13
460	13
461	12
462	13
463	14
464	13
465	4
466	12
467	14
468	439
469	42
470	15
471	17
472	6
473	12
474	11
475	18
476	19
477	10
478	7
479	9
480	8
481	12
482	11
483	11
484	13
485	8
486	7
487	11
488	7
489	11
490	7
491	9
492	11
493	10
494	14
495	6
496	9
497	13
498	7
499	13
500	5
501	9
502	5
503	6
504	4
505	9
506	4
507	5
508	5
509	2
510	9
511	13
512	12
513	8
514	8
515	7
516	9
517	9
518	7
519	6
520	4
521	9
522	8
523	5
524	9
525	11
526	8
527	8
528	6
529	9
530	3
531	8
532	6
533	3
534	7
535	3
536	428
537	51
538	497
539	43
540	20
541	9
542	13
543	5
544	8
545	5
546	8
547	10
548	7
549	8
550	5
551	5
552	4
553	10
554	4
555	5
556	9
557	7
558	13
559	8
560	6
561	5
562	7
563	2
564	6
565	6
566	2
567	6
568	4
569	3
570	4
571	4
572	5
573	6
574	3
575	8
576	10
577	3
578	442
579	74
580	21
581	23
582	13
583	11
584	6
585	2
586	8
587	5
588	4
589	3
590	6
591	8
592	7
593	11
594	8
595	5
596	8
597	7
598	4
599	2
600	8
601	11
602	4
603	7
604	8
605	2
606	3
607	5
608	1
609	5
610	4
611	8
612	6
613	6
614	6
615	12
616	4
617	6
618	5
619	8
620	5
621	4
622	2
623	2
624	3
625	6
626	6
627	3
628	2
629	3
630	1
631	2
632	6
633	6
634	2
636	4
637	3
638	4
639	4
640	6
641	3
642	4
643	5
644	4
645	5
646	6
647	3
648	1
649	6
650	5
651	4
652	6
653	6
654	3
655	7
656	2
657	5
658	3
659	3
661	2
662	3
663	4
664	5
665	597
666	49
667	15
668	10
669	4
670	7
671	3
672	2
673	3
674	4
675	2
676	2
677	2
678	6
679	3
680	2
681	2
682	4
683	9
684	9
685	4
687	5
688	4
689	1
690	4
691	7
692	3
693	4
694	4
695	4
696	3
697	1
698	3
699	5
700	6
701	3
702	4
703	2
704	2
705	7
707	4
709	3
710	6
711	2
712	3
714	2
715	3
716	1
717	6
718	2
719	6
720	6
721	2
723	4
724	2
725	1
726	3
727	1
728	2
729	2
730	2
731	2
732	4
733	7
734	1
735	2
736	5
737	4
739	3
740	2
741	1
742	1
743	5
744	3
745	5
746	2
747	2
748	5
749	2
750	1
751	2
752	1
753	4
754	2
755	4
756	4
757	8
758	1
759	3
760	6
761	1
764	4
765	1
766	4
768	3
769	3
770	2
771	1
772	4
773	6
774	2
776	1
778	2
779	3
780	4
781	5
782	2
783	5
784	2
785	6
786	2
787	2
788	4
789	3
790	3
791	1
792	5
793	3
794	4
795	2
796	3
797	1
799	3
800	5
801	2
802	2
803	2
804	2
805	5
806	1
807	4
808	4
809	2
810	1
811	2
813	1
814	3
815	3
816	2
817	3
818	3
819	3
821	2
822	2
823	2
824	1
825	3
827	3
828	1
829	4
830	4
831	3
833	4
834	2
835	2
836	1
838	2
839	1
840	2
841	4
843	3
845	2
846	4
848	2
849	2
850	2
852	4
853	3
854	2
856	1
858	3
859	4
860	1
861	1
862	3
863	1
864	1
865	1
866	3
867	1
868	1
870	2
871	4
872	1
873	1
874	3
875	1
876	3
878	2
879	1
880	2
881	2
882	2
884	1
886	2
888	1
889	1
890	3
891	2
892	2
893	3
894	4
895	1
896	1
897	2
898	3
899	1
900	3
901	1
904	2
905	3
906	2
907	4
909	1
910	3
911	4
912	3
913	2
914	3
915	1
916	1
917	2
918	2
919	2
920	1
921	1
922	1
923	2
925	3
927	4
928	1
929	1
930	1
931	2
932	2
933	1
934	1
935	1
936	5
937	1
938	4
939	3
940	2
941	2
942	3
943	1
945	2
946	2
948	1
950	1
953	3
955	2
956	2
958	5
959	1
960	3
961	2
962	5
964	3
965	1
967	1
968	2
970	1
971	1
972	4
973	2
974	2
975	7
977	3
978	3
979	4
980	4
981	2
982	3
983	3
984	3
985	1
986	2
987	2
988	1
990	2
992	1
994	1
995	1
996	1
999	4
1001	2
1004	2
1006	1
1007	1
1008	2
1009	4
1011	1
1012	1
1014	4
1015	2
1016	2
1018	1
1019	1
1020	2
1021	3
1022	1
1024	1
1027	1
1028	1
1029	2
1030	2
1031	1
1034	2
1035	1
1036	3
1037	4
1039	3
1040	1
1041	3
1042	3
1043	2
1044	1
1045	1
1046	1
1049	2
1050	2
1052	1
1055	1
1057	2
1058	1
1059	1
1060	2
1061	1
1062	2
1063	2
1064	1
1065	1
1067	1
1068	2
1069	1
1070	1
1071	2
1073	3
1074	1
1075	4
1077	1
1079	2
1080	3
1081	1
1082	4
1083	1
1084	1
1086	2
1089	1
1090	3
1091	1
1093	1
1096	1
1097	4
1100	2
1101	2
1103	3
1106	2
1107	2
1111	1
1112	2
1113	2
1114	3
1116	4
1117	1
1118	3
1119	3
1120	5
1121	1
1122	2
1125	1
1128	1
1130	1
1131	1
1132	3
1136	1
1137	1
1139	1
1140	1
1141	1
1142	1
1143	1
1144	3
1145	1
1147	1
1148	1
1149	3
1150	1
1151	1
1152	2
1154	1
1156	2
1160	1
1161	1
1162	2
1163	2
1164	1
1167	1
1168	2
1170	1
1171	1
1173	1
1174	1
1175	4
1176	1
1177	2
1178	1
1179	1
1182	3
1183	1
1184	1
1185	1
1189	1
1190	1
1191	1
1193	1
1195	2
1196	1
1197	1
1198	1
1199	3
1201	2
1202	2
1204	1
1206	1
1207	1
1208	2
1215	1
1216	1
1218	2
1221	1
1222	1
1223	1
1225	3
1226	1
1227	2
1228	1
1230	1
1234	3
1236	1
1238	1
1239	2
1240	2
1243	1
1244	2
1246	2
1248	3
1250	1
1252	1
1256	1
1257	1
1258	2
1259	1
1263	1
1267	1
1268	1
1269	1
1270	2
1271	1
1273	2
1275	1
1277	2
1280	1
1287	1
1288	1
1291	1
1294	1
1298	3
1301	2
1302	1
1303	2
1308	1
1310	1
1313	2
1317	1
1319	1
1323	1
1324	1
1325	2
1326	1
1327	1
1329	3
1335	1
1342	1
1346	2
1347	1
1348	2
1351	3
1352	1
1353	1
1354	1
1358	2
1360	1
1361	2
1362	1
1363	1
1364	2
1368	1
1370	1
1371	1
1372	2
1374	1
1375	1
1379	2
1381	1
1383	1
1385	2
1386	1
1387	2
1389	3
1392	2
1393	1
1394	1
1395	1
1400	2
1402	1
1404	1
1406	1
1407	4
1408	1
1411	1
1417	1
1418	1
1420	1
1421	1
1422	1
1425	2
1426	1
1427	1
1429	1
1431	1
1432	1
1433	3
1435	2
1440	1
1441	1
1442	1
1443	1
1444	2
1445	1
1447	1
1449	1
1454	4
1455	2
1456	1
1461	1
1463	2
1465	1
1467	2
1468	1
1469	1
1470	1
1472	1
1476	1
1477	3
1478	1
1480	2
1481	1
1484	2
1485	2
1486	2
1487	2
1497	1
1500	1
1504	1
1507	1
1508	1
1509	1
1511	2
1516	1
1518	1
1520	1
1521	1
1523	1
1527	1
1528	1
1529	1
1531	1
1535	1
1537	1
1541	1
1542	1
1543	1
1545	4
1548	2
1551	2
1555	1
1559	2
1560	2
1561	1
1563	1
1564	1
1566	2
1568	2
1569	1
1573	1
1575	1
1577	1
1579	1
1580	1
1586	1
1590	1
1591	1
1594	1
1600	1
1601	1
1603	1
1607	1
1608	1
1609	1
1611	1
1612	1
1615	2
1616	1
1620	1
1621	1
1623	2
1628	1
1633	1
1634	1
1635	1
1636	1
1643	2
1645	2
1646	1
1648	1
1649	2
1650	1
1652	1
1653	1
1656	1
1658	1
1659	1
1660	1
1661	2
1662	1
1663	1
1665	1
1669	1
1670	1
1671	1
1672	1
1673	3
1674	1
1675	2
1676	4
1677	4
1678	2
1679	6
1680	5
1681	5
1682	2
1683	1
1684	3
1685	5
1686	5
1687	4
1688	2
1689	1
1690	2
1691	2
1692	1
1693	3
1695	5
1696	1
1697	1
1698	2
1699	2
1701	2
1702	1
1703	5
1704	4
1705	2
1707	1
1708	1
1709	2
1710	2
1712	2
1714	1
1716	2
1717	1
1719	2
1720	2
1722	4
1723	1
1724	1
1725	1
1727	1
1728	2
1729	2
1730	1
1731	1
1732	1
1733	1
1737	1
1738	1
1740	1
1741	3
1742	1
1745	3
1746	1
1749	2
1750	1
1753	2
1757	2
1759	1
1761	1
1762	1
1766	1
1767	1
1769	1
1770	3
1771	1
1773	1
1774	1
1779	1
1780	2
1781	1
1783	1
1785	2
1786	1
1789	1
1790	2
1791	2
1792	1
1794	2
1795	2
1797	1
1802	1
1803	1
1804	1
1807	1
1808	2
1811	2
1813	1
1817	2
1819	1
1820	2
1824	1
1825	1
1826	1
1835	1
1836	1
1837	1
1841	1
1842	1
1843	1
1844	1
1846	1
1851	1
1852	1
1853	2
1855	1
1858	1
1860	2
1861	1
1863	1
1865	1
1873	2
1877	2
1894	1
1895	1
1896	1
1902	1
1903	1
1907	1
1909	1
1910	1
1914	1
1915	1
1916	1
1917	1
1919	1
1922	1
1924	1
1925	1
1927	1
1928	1
1929	1
1930	1
1935	2
1937	2
1939	2
1942	2
1943	1
1944	1
1947	1
1948	1
1951	1
1953	1
1955	1
1957	1
1961	2
1964	1
1969	2
1971	1
1972	1
1974	3
1977	1
1981	1
1983	1
1985	1
1988	1
1993	1
2003	1
2004	1
2005	1
2014	1
2015	1
2016	1
2022	1
2025	1
2031	1
2034	1
2040	1
2041	1
2042	1
2045	2
2055	1
2062	1
2070	1
2072	1
2075	1
2080	1
2083	1
2085	1
2088	1
2094	1
2095	1
2098	1
2100	1
2101	1
2108	1
2113	1
2115	1
2118	1
2120	1
2121	1
2122	1
2127	1
2130	1
2139	1
2140	1
2147	1
2150	1
2151	1
2161	1
2162	1
2167	1
2177	1
2179	1
2195	1
2200	1
2201	2
2204	1
2208	1
2211	1
2212	1
2213	2
2215	1
2217	1
2223	1
2233	1
2236	1
2237	1
2243	1
2244	1
2245	1
2247	1
2256	1
2260	1
2262	1
2273	1
2294	1
2295	1
2300	1
2304	1
2321	2
2323	1
2324	1
2328	1
2342	1
2343	1
2348	1
2358	1
2359	1
2373	1
2380	1
2386	1
2389	1
2390	1
2391	2
2395	1
2398	1
2399	2
2411	1
2415	1
2416	1
2427	1
2430	1
2435	1
2436	1
2437	2
2438	1
2439	1
2440	2
2441	1
2447	1
2463	1
2472	1
2477	1
2481	1
2483	1
2493	1
2503	1
2506	1
2507	1
2508	1
2510	2
2514	1
2520	1
2524	1
2528	1
2542	1
2554	1
2557	1
2562	1
2563	1
2575	1
2578	2
2586	1
2587	1
2593	1
2595	1
2597	1
2605	2
2611	1
2623	2
2626	1
2656	1
2658	1
2665	2
2671	1
2678	1
2680	1
2694	1
2700	1
2702	1
2707	1
2708	1
2711	1
2712	1
2756	1
2762	1
2763	1
2781	1
2784	1
2786	1
2798	1
2801	1
2821	1
2822	1
2823	1
2824	1
2825	1
2826	1
2834	1
2863	1
2869	1
2870	1
2876	1
2877	1
2880	1
2891	1
2896	1
2897	1
2914	1
2922	1
2923	1
2924	1
2928	1
2941	1
2962	2
2967	1
2977	1
2982	1
3006	1
3012	1
3014	1
3019	1
3031	1
3040	1
3074	1
3079	1
3096	1
3098	1
3108	1
3111	1
3112	1
3126	1
3143	1
3157	1
3162	2
3183	1
3187	1
3257	1
3258	1
3260	3
3273	1
3277	1
3290	1
3293	2
3322	1
3323	1
3326	1
3328	1
3339	1
3341	1
3354	2
3365	1
3403	1
3409	1
3429	1
3446	1
3453	1
3457	1
3458	1
3474	1
3482	1
3483	1
3488	1
3508	1
3516	1
3527	1
3544	1
3559	1
3608	1
3613	1
3617	1
3629	1
3654	1
3658	1
3664	1
3668	1
3686	1
3708	1
3735	1
3741	1
3742	1
3745	1
3749	1
3765	1
3766	1
3767	1
3769	1
3771	1
3783	1
3809	1
3827	1
3829	1
3835	1
3857	1
3875	1
3885	1
3888	1
3898	1
3913	1
3917	1
3921	1
3932	1
3949	1
3983	1
3986	1
3997	1
4013	1
4032	1
4038	1
4049	1
4054	1
4057	1
4067	1
4081	1
4104	1
4118	1
4123	1
4130	1
4150	1
4182	1
4203	1
4213	1
4222	1
4250	1
4269	1
4271	1
4282	1
4289	1
4323	1
4332	1
4340	1
4344	1
4368	1
4457	1
4496	1
4553	1
4579	1
4596	1
4604	1
4607	1
4687	1
4729	1
4752	1
4798	1
4801	1
4842	1
4858	1
4870	1
4889	1
4933	1
4936	1
4942	1
5032	1
5092	1
5093	1
5113	1
5139	1
5168	1
5283	1
5291	1
5313	1
5418	1
5434	1
5455	1
5486	1
5566	1
5568	1
5571	1
5578	1
5609	1
5640	1
5645	1
5664	1
5676	1
5720	1
5746	1
5757	1
5764	1
5774	1
5780	1
5807	1
5811	1
5833	1
5913	1
5923	1
5930	1
5933	1
5960	1
5969	1
6009	1
6023	1
6038	1
6047	1
6051	1
6145	1
6155	1
6165	1
6266	1
6290	1
6301	1
6393	1
6489	1
6661	1
6728	1
6742	1
6751	1
6752	1
6763	1
6766	1
6798	1
6832	1
6924	1
6927	1
7010	1
7061	1
7112	1
7152	1
7162	1
7173	1
7204	1
7255	1
7266	1
7299	1
7360	1
7370	2
7384	1
7462	1
7479	1
7507	1
7510	1
7699	1
7719	1
7760	1
7789	1
7794	1
7823	1
7825	1
7863	1
7871	1
7929	1
8027	1
8047	1
8114	1
8132	1
8177	2
8238	1
8362	1
8386	1
8388	1
8479	1
8485	1
8592	1
8594	1
8623	1
8678	1
8689	1
8765	1
8766	1
8847	1
8901	1
8961	1
8977	1
9114	1
9159	1
9207	1
9231	1
9347	1
9371	1
9555	1
9567	1
9603	1
9806	1
9838	1
9871	1
9937	1
10347	1
10461	1
10491	1
10504	1
10542	1
10557	1
10607	1
10659	1
10680	1
10719	1
10799	1
10807	1
10893	1
10926	1
11020	1
11140	1
11215	1
11230	1
11268	1
11272	1
11290	1
11567	1
11581	1
11802	1
11897	1
11927	1
11932	1
11938	1
11946	1
12474	1
12678	1
12785	1
12990	1
13678	1
13684	1
13738	1
13849	1
14055	1
14265	1
14300	1
14975	1
15139	1
15522	1
16607	1
16863	1
16986	1
17208	1
17252	1
17655	1
18213	1
20175	1
22651	1
22994	1
23846	1
24321	1
24574	1
25238	1
25924	1
26262	1
27400	1
29571	1
33296	1
33354	1
33369	1
37977	1
38246	1
39214	1
42457	1
43357	1
45255	1
46927	1
61997	1
65381	1
69577	1
71193	1
73826	1
147722	1
156693	1
225403	1
